52
48
8
5
50
42
52
55
11
97
100
69
31
66
72
50
18
1
7
65
77
84
56
92
4
28
85
20
28
20
85
98
7
92
4
87
77
98
29
68
68
30
6
59
96
31
46
8
82
99
25
2
16
47
90
59
95
87
53
86
11
1
41
21
79
14
70
77
48
3
45
68
62
50
41
73
59
6
29
92
29
73
56
7
38
93
39
15
29
13
26
74
33
31
68
100
67
99
11
11
63
65
78
99
67
58
24
74
100
40
23
38
97
61
27
95
21
83
90
85
35
7
96
81
98
53
60
96
92
70
5
94
3
27
4
15
42
97
71
61
43
48
55
69
25
86
49
74
68
81
8
33
69
98
94
47
63
73
98
26
24
32
9
52
86
35
20
62
45
38
8
22
73
5
38
99
29
53
95
6
36
69
5
56
49
95
50
45
33
38
65
74
3
92
37
78
95
47
58
88
83
55
58
36
56
43
25
33
3
16
36
17
34
93
24
83
15
67
83
10
55
48
37
82
40
19
14
17
55
58
13
69
27
22
64
62
6
51
92
46
56
56
85
31
22
89
26
15
54
25
97
47
78
73
7
52
60
19
17
99
94
80
61
51
51
54
20
84
18
35
42
56
47
98
70
59
55
37
63
53
79
20
98
12
82
67
64
84
59
40
88
86
62
52
15
98
31
24
65
99
44
98
23
15
24
71
23
74
74
27
65
76
52
48
25
51
97
91
7
84
53
23
39
19
26
59
80
91
94
65
84
95
62
81
98
6
43
33
46
94
17
38
48
80
29
40
16
50
41
60
48
64
6
45
10
60
76
28
61
41
66
15
72
100
82
40
53
38
90
93
76
53
32
26
57
8
21
79
45
73
78
45
29
86
59
24
86
71
87
77
44
56
81
34
88
21
45
30
25
48
81
60
26
89
32
20
59
88
83
97
98
33
64
20
77
38
66
63
72
9
73
5
69
87
34
67
62
88
50
44
52
18
63
73
56
92
35
89
38
37
97
72
27
1
6
83
52
88
7
45
66
27
77
54
40
41
40
74
92
14
50
13
83
85
3
26
92
59
14
71
46
92
95
66
11
100
86
88
40
12
32
8
68
91
49
43
80
27
31
34
36
27
69
36
42
6
50
46
63
49
27
31
13
83
4
33
75
100
41
2
32
8
79
13
43
17
20
28
58
29
71
94
22
57
69
20
91
65
61
51
44
85
30
68
66
79
65
8
76
63
89
31
9
73
94
35
64
71
72
85
5
9
57
46
51
94
21
10
21
45
3
32
54
33
46
88
98
18
60
100
80
16
96
30
44
37
27
60
11
29
96
94
26
8
36
28
95
85
17
32
90
48
67
23
19
86
86
26
34
25
54
41
41
5
77
100
74
64
60
98
10
40
47
74
26
90
15
37
76
90
57
59
88
51
84
99
50
83
27
11
94
39
99
68
73
94
40
1
75
75
86
72
53
87
52
5
22
69
48
41
18
4
63
44
79
70
60
61
21
47
42
19
91
25
37
14
72
32
55
64
73
24
2
27
4
4
4
40
15
85
60
50
8
76
52
93
89
28
96
71
33
60
50
31
72
14
73
65
88
26
83
54
17
83
92
12
99
19
96
77
22
70
50
94
37
98
33
47
13
39
74
63
11
18
85
41
47
24
77
47
29
48
20
47
49
75
34
96
85
28
73
12
68
1
4
58
39
89
94
32
75
93
72
28
73
45
1
16
59
83
30
5
58
89
50
18
56
88
62
13
48
37
66
80
11
83
75
37
100
77
11
90
57
3
14
47
95
82
53
41
23
96
56
96
80
66
58
51
19
80
57
1
27
96
70
69
98
65
74
83
71
13
59
26
36
16
62
67
88
79
91
98
34
11
82
56
28
80
54
12
10
45
17
87
22
3
35
69
33
6
99
23
39
84
12
2
47
15
84
80
27
71
7
24
63
30
44
22
33
85
78
48
73
94
73
15
44
8
56
4
59
16
72
93
15
38
60
43
82
62
96
20
8
52
69
92
60
98
71
4
17
79
99
10
56
27
99
18
56
26
65
50
67
3
52
49
1
30
20
30
69
41
90
64
86
78
69
45
64
76
77
90
79
54
79
36
84
10
31
18
68
7
80
80
19
58
14
57
46
42
49
57
79
49
100
16
51
60
89
1
84
44
33
57
39
75
82
47
38
44
16
76
56
79
70
54
87
89
95
50
14
4
17
16
41
9
82
92
53
98
16
65
86
2
52
4
4
85
60
99
29
7
94
17
69
32
31
18
26
86
12
85
6
19
52
1
82
95
21
69
11
67
53
52
77
35
100
21
69
89
57
91
3
17
88
16
25
37
56
72
18
71
94
53
96
49
71
68
3
80
10
33
58
29
51
58
12
54
96
40
35
99
30
6
37
4
79
90
25
95
2
17
51
12
58
94
65
34
99
1
14
39
40
63
18
85
83
99
3
78
30
49
95
56
9
41
22
12
11
30
92
76
90
28
89
24
19
78
20
23
82
56
61
83
25
5
64
20
17
66
45
10
89
39
66
40
44
83
2
6
65
49
17
8
42
14
28
41
47
45
84
19
4
13
13
56
77
48
66
100
40
74
11
80
75
37
19
12
50
81
5
54
7
84
56
77
26
83
3
59
78
91
40
13
40
28
77
24
55
43
78
43
39
61
13
90
15
95
63
35
93
12
90
65
40
75
56
46
19
65
63
18
82
12
64
41
47
80
20
35
42
53
21
73
26
37
39
65
37
94
31
10
1
22
33
86
27
28
46
98
64
89
35
73
96
94
31
22
46
87
85
15
58
38
91
47
72
27
39
63
27
71
44
3
9
82
12
7
84
58
58
11
20
96
24
1
68
80
80
29
77
27
70
8
85
19
38
58
2
16
7
70
49
88
63
54
22
19
33
61
47
12
95
53
100
57
35
31
8
88
94
32
71
74
79
65
11
78
30
1
94
32
29
33
65
56
48
97
38
6
46
25
35
75
97
91
8
6
30
97
73
54
1
53
48
28
28
34
48
82
81
26
40
44
98
78
87
38
10
56
75
77
54
97
33
58
96
50
100
4
56
57
59
62
81
65
63
61
61
42
84
21
100
5
35
97
7
35
4
13
58
36
78
26
26
8
65
78
64
48
53
10
54
3
8
43
37
62
49
84
99
46
61
62
58
11
38
13
95
29
47
76
26
100
91
61
48
35
41
29
20
90
57
72
45
44
37
5
22
51
32
77
37
88
25
4
23
46
71
70
18
26
33
60
38
15
94
46
87
17
41
10
62
23
32
13
29
90
48
3
16
80
100
2
85
39
71
41
31
28
19
58
70
88
10
23
72
43
60
7
75
91
39
97
41
56
37
38
23
22
44
89
46
52
57
44
98
60
58
37
58
22
91
93
25
77
73
93
25
74
94
20
35
97
24
18
45
42
22
16
72
57
77
9
41
25
97
3
75
52
6
71
28
88
28
97
52
57
100
26
18
64
53
90
8
96
14
20
98
6
33
73
70
65
55
85
45
70
97
30
18
42
64
37
77
2
82
84
56
86
29
92
11
50
3
25
61
64
87
82
3
17
87
18
19
84
31
57
37
56
79
35
20
35
31
100
99
98
96
80
86
54
52
69
13
38
72
25
83
62
18
46
75
71
89
72
9
82
67
44
24
63
15
40
14
60
82
40
47
27
28
47
23
8
23
18
36
75
7
1
64
100
80
77
20
75
58
35
46
80
13
79
62
54
53
18
14
58
75
58
42
34
77
94
29
23
60
55
85
99
63
76
27
48
28
94
56
76
74
52
48
89
44
63
92
30
88
70
5
85
23
35
14
51
27
18
38
80
100
68
34
78
13
93
39
93
21
33
53
57
46
4
31
76
17
12
91
63
76
14
51
40
4
23
48
53
4
3
82
50
91
85
11
91
42
41
76
86
63
88
34
53
86
32
73
52
98
80
66
27
67
78
75
76
45
53
96
30
13
47
97
52
7
24
49
21
24
52
74
50
20
86
46
71
38
12
35
85
10
40
50
42
29
62
17
9
15
77
9
25
85
49
24
57
96
36
58
78
17
100
56
94
56
24
17
18
34
19
70
13
91
69
40
38
26
35
100
69
17
71
44
92
32
31
40
52
88
91
84
96
42
38
22
30
57
14
97
70
10
58
97
55
66
63
82
48
47
5
24
67
97
92
23
39
53
41
66
15
42
66
64
18
74
5
82
100
66
51
86
49
42
26
89
95
93
10
60
79
88
77
32
53
27
12
28
15
20
56
87
3
44
59
24
46
23
61
99
26
28
58
47
65
94
9
69
32
98
22
3
25
3
42
5
63
92
66
21
29
81
26
98
57
60
92
22
46
92
81
73
53
5
17
31
31
25
4
29
43
69
76
95
50
38
79
13
41
5
64
61
52
6
1
61
83
8
56
21
89
95
81
31
40
27
49
1
27
76
46
96
56
2
44
3
13
49
26
16
28
100
3
93
76
19
68
18
60
97
28
99
53
13
23
67
36
85
84
23
91
22
12
63
52
47
79
78
14
62
80
17
12
